1	0	360	0	313	9	52	0	25	48	0	1
0	0	350	1	468	10	65	0	33	6	0	1
0	0	1100	0	829	9	125	0	56	48	0	1
0	0	3000	0	552	12	76	1	31	60	0	1
1	0	1000	0	809	12	111	0	24	7	0	1
0	0	300	0	331	6	74	1	41	0	0	1
0	2	580	1	349	10	51	0	30	6	0	0
0	0	300	0	416	10	64	0	48	108	0	1
0	0	1500	0	688	6	148	0	59	48	0	0
0	1	500	1	828	18	89	0	29	6	0	1
0	0	2000	1	309	6	66	0	29	6	0	0
1	0	411	1	390	12	55	1	40	0	0	0
1	0	2500	0	921	4	267	0	30	6	0	1
0	0	1850	0	1137	9	185	0	48	0	0	1
2	0	1202	0	552	4	119	0	61	48	119	0
0	0	500	1	614	10	81	0	59	6	0	0
0	2	500	1	347	4	101	0	44	6	0	0
0	0	800	1	359	6	76	0	51	6	0	0
1	0	2000	0	374	1	391	0	26	48	0	1
0	0	300	1	309	6	66	0	30	6	0	1
0	0	554	1	429	10	60	0	46	6	0	0
3	0	602	0	507	6	108	0	54	48	0	1
0	0	2500	0	2199	12	270	0	54	48	0	1
0	0	1342	0	1084	2	363	0	63	0	363	0
0	0	332	1	593	4	100	0	44	215	198	0
1	0	500	0	552	4	119	0	62	48	119	0
1	0	342	1	453	10	59	0	52	6	0	0
0	2	632	1	365	6	78	0	49	6	0	0
0	0	900	0	473	12	64	1	36	48	0	1
0	0	600	1	587	10	89	0	44	60	0	0
0	0	800	1	495	15	59	0	50	6	0	1
1	0	480	1	460	3	135	0	59	6	100	0
0	0	1300	1	349	10	51	0	45	6	0	0
0	0	387	0	351	8	62	1	52	144	0	1
0	0	1500	0	500	11	58	0	53	0	58	1
0	2	868	1	567	10	78	0	39	6	0	0
1	0	6000	0	552	4	119	0	63	48	119	0
0	0	300	1	399	10	55	0	29	6	0	0
1	0	400	0	399	6	89	0	19	24	0	1
0	0	2500	0	595	6	123	0	58	48	0	0
0	2	1800	1	480	12	65	0	36	6	0	1
1	0	966	1	462	10	70	0	29	6	0	0
1	0	650	1	480	10	67	0	21	6	0	1
2	0	600	1	544	3	149	1	49	12	149	0
3	0	533	0	329	6	68	0	41	48	0	1
1	0	800	1	345	10	53	0	45	6	0	0
1	0	500	0	451	7	85	0	63	48	0	0
1	0	600	0	536	12	73	0	24	36	0	1
1	0	312	0	499	12	69	0	21	18	0	1
0	0	400	1	347	10	53	0	51	6	0	0
1	0	500	0	420	10	64	1	27	0	0	1
0	0	1200	0	620	6	129	0	28	48	0	1
0	0	450	1	440	10	67	0	35	6	0	0
0	0	900	1	565	12	76	0	36	6	0	1
0	0	315	0	398	9	60	0	23	6	35	1
1	0	400	0	440	12	60	1	24	120	0	1
0	0	600	1	492	6	84	0	38	6	100	0
0	0	388	0	613	12	83	0	24	24	10	1
1	0	1500	1	984	9	140	0	34	6	117	1
0	0	616	0	302	6	67	0	55	0	0	0
1	0	500	0	552	4	119	0	62	48	119	0
1	0	1500	0	356	2	193	0	25	48	0	1
1	0	592	1	415	5	100	0	53	6	0	0
0	0	3190	1	429	10	60	0	62	6	0	0
1	0	1000	0	915	6	89	0	23	6	500	1
1	0	425	0	426	4	108	0	62	48	0	0
0	0	470	1	747	10	103	0	65	6	0	0
2	0	606	0	468	6	106	1	36	0	0	1
0	0	610	1	639	10	88	0	40	6	0	0
1	0	700	0	618	6	140	0	33	144	0	0
0	0	395	0	523	15	65	0	47	96	0	1
0	0	433	0	592	12	75	0	28	0	0	1
0	1	450	1	466	10	68	0	42	6	0	0
0	0	400	1	459	12	62	0	50	6	0	1
0	0	400	1	618	10	89	0	42	6	0	0
1	0	1195	1	630	12	86	0	44	6	0	1
1	0	1536	0	552	4	119	0	63	48	119	0
3	0	409	0	705	15	87	1	48	360	0	1
1	0	500	0	508	6	105	0	27	48	0	1
1	0	500	0	401	4	118	0	20	12	0	1
0	0	500	1	429	9	70	0	47	6	0	0
1	0	824	1	515	10	78	0	22	6	0	1
1	2	350	1	357	4	76	0	42	6	100	0
0	0	310	0	470	4	80	1	67	60	200	0
0	0	373	1	680	12	92	0	40	120	0	0
0	0	415	0	388	8	60	0	60	0	38	0
0	0	580	1	349	10	51	0	50	6	0	0
0	0	952	0	1086	12	154	0	57	0	0	0
0	0	300	0	500	12	68	0	48	0	0	1
2	0	316	0	436	12	59	0	33	12	0	1
0	0	1500	0	301	2	102	0	63	0	102	0
0	0	1400	1	872	2	293	0	36	0	293	0
0	2	520	0	616	10	98	0	33	0	0	1
1	0	500	0	455	9	74	0	26	48	0	1
1	0	900	0	370	6	61	1	44	17	100	1
0	0	5790	0	552	4	119	0	67	48	119	0
1	0	693	0	312	6	65	0	35	48	0	1
1	0	885	1	468	10	65	0	28	6	0	1
1	0	800	1	815	10	123	0	31	6	0	0
1	0	420	0	828	12	70	0	19	48	0	1
0	0	3400	1	1629	18	175	0	53	6	0	1
0	0	619	0	599	15	70	0	27	6	2	1
1	0	1600	0	383	1	404	0	29	48	0	1
0	0	700	1	485	10	74	0	33	6	0	0
0	0	1200	0	602	4	137	0	43	0	137	1
0	0	1700	1	314	2	107	0	39	108	107	0
0	0	600	1	738	10	102	0	32	6	0	1
1	0	300	0	452	12	62	1	37	144	0	1
1	0	500	0	450	4	114	0	45	48	0	1
0	2	740	1	480	10	67	0	34	6	0	1
2	0	1700	0	489	11	68	0	46	48	0	1
0	0	850	0	443	12	60	0	34	0	0	1
0	0	617	0	464	3	116	0	63	0	116	0
1	0	717	0	1056	8	187	1	55	0	0	0
0	0	480	1	849	3	131	0	37	6	500	0
0	0	600	0	461	11	70	0	37	60	0	1
1	0	700	0	378	2	202	0	21	48	0	1
0	0	1000	1	678	10	93	0	39	6	0	0
1	0	514	0	435	6	90	0	61	48	0	0
0	0	400	1	546	10	83	0	35	6	0	0
0	0	655	1	399	10	55	0	38	6	0	0
0	0	300	1	459	10	70	0	46	6	0	0
0	0	749	1	1079	9	175	0	70	6	0	0
0	2	400	1	429	10	60	0	41	6	0	0
0	0	650	0	805	20	88	1	62	24	0	1
1	0	640	0	855	12	72	0	29	48	0	1
0	0	2010	1	360	2	122	1	47	100	122	0
1	0	600	0	870	12	118	0	37	48	0	1
0	0	1500	0	569	11	66	0	33	24	66	1
1	0	483	0	786	10	108	0	32	6	0	1
0	0	760	0	342	6	68	0	35	6	24	1
0	0	305	1	435	10	66	0	59	6	0	0
1	0	700	1	356	6	79	1	34	84	0	0
0	0	2000	0	1662	4	334	0	56	0	334	0
1	0	481	1	340	10	52	0	42	6	0	0
1	0	300	1	349	10	51	0	40	6	0	0
0	0	860	0	965	15	117	0	48	6	0	1
1	0	500	1	618	10	89	0	28	6	0	0
0	0	1200	1	489	12	66	0	30	6	0	1
0	0	1400	1	350	4	103	0	34	6	0	1
0	0	750	0	532	2	179	0	59	0	179	0
1	0	5610	1	567	10	78	0	31	6	0	0
1	0	600	0	399	6	88	0	23	48	0	1
0	0	380	1	336	10	52	0	67	6	0	0
0	0	735	1	415	5	62	0	22	6	159	1
0	0	800	1	597	9	97	0	39	6	0	0
1	0	450	0	470	10	72	0	26	48	0	1
0	0	379	0	599	12	82	0	35	0	0	1
0	1	541	1	577	10	87	0	44	6	0	0
1	0	1090	0	450	10	69	1	26	0	0	1
1	0	2500	0	395	3	144	0	26	48	0	1
0	0	1500	1	399	10	55	0	43	6	0	0
1	0	350	0	399	12	54	0	32	0	0	1
1	0	300	0	302	6	67	0	26	6	0	1
0	0	1442	0	552	4	119	0	62	48	119	0
1	0	550	0	617	8	109	0	52	144	0	1
1	0	790	0	918	12	130	1	36	144	0	0
1	0	1000	1	370	6	79	0	39	6	0	0
0	0	800	1	480	10	67	0	31	6	0	0
1	0	620	1	427	10	65	0	22	6	0	1
3	0	713	1	576	3	157	1	49	288	157	0
0	0	400	1	345	10	53	0	68	6	0	0
0	0	600	0	568	12	77	0	25	6	0	1
0	0	1200	1	339	6	73	0	41	6	0	1
1	0	448	0	445	10	53	0	22	0	100	1
1	3	631	1	748	6	158	0	52	6	0	0
1	0	1200	0	888	5	217	0	36	48	0	1
0	0	850	0	559	10	85	0	34	6	0	1
0	0	1386	0	519	11	60	0	61	24	60	0
1	0	1500	0	400	1	418	0	27	48	0	1
0	0	500	1	348	10	53	0	35	6	0	0
0	3	420	1	537	10	78	0	49	6	0	0
0	0	300	1	519	10	72	0	33	6	0	0
1	0	548	0	304	2	165	0	24	48	0	1
0	0	450	1	799	10	121	0	42	6	0	1
0	2	2000	1	480	10	67	0	61	6	0	0
1	0	756	0	617	6	131	0	57	6	0	1
0	0	550	0	356	3	133	1	27	17	0	1
1	0	720	0	366	6	62	0	66	48	0	0
1	0	360	1	394	9	64	0	66	6	0	0
0	2	1000	1	635	4	171	0	41	6	50	0
1	0	350	0	422	7	82	1	35	60	0	1
0	0	350	0	480	12	66	0	50	84	0	1
0	0	1200	0	458	10	71	0	52	12	0	1
1	0	300	0	459	12	55	1	19	5	55	1
0	0	750	0	710	10	107	0	28	6	0	1
0	0	3000	1	846	3	315	0	34	6	0	0
0	0	1000	0	400	2	141	0	63	0	141	0
1	0	800	1	480	6	81	0	40	6	100	0
0	0	2000	0	1167	2	391	0	63	0	391	0
0	0	317	1	459	12	63	1	57	264	0	0
0	0	500	0	483	10	58	1	43	8	100	1
2	0	1533	0	397	7	78	1	49	180	0	1
0	0	1500	0	611	15	67	1	36	240	67	1
1	0	600	0	583	12	80	0	63	48	0	0
1	0	2000	1	360	10	55	0	38	6	0	1
0	0	755	1	1190	12	160	0	41	6	0	0
0	0	300	1	537	10	78	0	32	6	0	0
1	0	3000	0	400	1	418	0	26	48	0	1
3	0	856	0	649	4	192	0	66	48	0	0
1	0	470	0	393	6	66	0	62	48	0	0
3	0	400	0	559	12	79	0	49	300	0	1
0	0	700	0	402	12	56	0	28	48	0	1
0	0	650	0	770	12	105	1	61	360	0	1
0	0	340	0	369	12	52	0	41	0	0	1
0	0	709	1	429	10	60	0	47	6	0	0
1	0	800	1	459	10	70	0	60	6	0	0
1	0	800	1	459	10	70	0	48	6	0	0
1	0	5000	0	2579	7	502	1	54	180	0	1
0	0	1727	0	1199	3	76	0	65	48	1000	0
0	0	600	0	460	6	103	0	23	12	0	1
1	0	546	0	389	6	82	0	20	48	0	1
0	0	1922	0	552	4	119	0	61	48	119	0
1	0	398	1	420	10	58	0	34	6	0	0
1	0	1200	0	535	2	290	0	29	48	0	1
1	0	500	0	389	6	82	0	60	48	0	0
1	0	360	1	384	12	52	1	41	0	0	0
1	0	2057	1	989	5	212	0	41	6	100	0
0	0	500	1	541	10	82	0	34	6	0	0
1	0	1200	0	598	9	99	0	45	0	0	1
0	0	5800	0	438	2	147	0	59	0	149	0
0	0	400	0	389	11	54	0	29	48	0	1
1	0	861	1	350	10	54	0	38	6	0	0
1	0	1300	0	420	5	78	1	63	0	100	0
1	0	368	0	704	9	79	0	43	48	0	1
1	0	500	1	468	10	71	0	35	0	0	0
0	0	1866	1	613	12	83	1	41	12	0	0
0	0	800	1	392	9	50	0	35	6	81	0
1	0	390	0	468	12	64	1	22	0	0	1
0	0	600	1	525	4	153	0	33	6	0	0
0	0	995	0	880	6	160	0	58	0	160	0
0	0	430	0	422	10	64	0	36	0	0	1
0	0	2400	0	1233	4	247	0	60	0	250	0
0	0	500	1	459	10	70	0	35	6	0	0
0	0	2064	1	450	10	68	0	36	6	0	1
1	0	500	0	410	3	152	0	27	48	0	1
1	0	450	0	468	12	65	0	37	24	0	1
1	0	600	1	409	3	152	0	33	48	0	0
0	0	610	0	365	5	61	0	62	48	61	0
1	0	2000	0	984	12	83	0	37	48	0	1
1	0	500	0	459	8	81	0	23	0	0	1
0	0	600	1	657	6	140	0	41	6	0	0
1	0	900	1	475	10	69	0	42	6	0	1
1	0	700	0	849	6	143	0	47	48	150	1
0	0	700	1	375	10	57	0	33	6	0	0
1	0	4000	1	639	10	88	0	55	6	0	0
0	0	4500	1	667	10	96	0	31	6	0	1
0	0	600	1	780	12	78	0	40	6	200	1
1	0	3500	1	617	10	93	0	35	6	0	1
0	4	350	1	498	12	67	0	45	6	0	1
1	0	1830	0	552	4	119	0	59	48	119	0
0	0	360	1	429	10	60	0	46	6	0	0
1	0	502	0	463	4	137	0	32	48	0	1
1	0	4000	1	459	10	70	0	28	6	0	0
0	0	890	0	556	12	76	0	28	0	0	1
0	0	600	0	468	12	64	0	34	240	0	1
0	0	1800	0	560	7	110	1	32	12	0	1
2	0	420	0	423	12	58	0	54	0	0	0
0	0	1000	1	1070	4	242	1	59	156	250	0
0	0	700	0	301	7	59	1	33	180	0	1
1	0	1015	0	942	6	158	0	61	48	0	0
1	0	667	0	557	11	64	1	32	0	64	1
1	0	2000	1	429	10	60	0	24	6	0	1
0	0	900	1	495	24	53	1	46	0	0	1
1	0	573	1	495	9	60	0	46	6	60	0
1	0	792	0	1092	6	183	0	42	48	0	1
0	2	378	0	339	10	52	0	37	6	0	1
0	0	6373	0	548	3	149	0	59	48	149	0
1	0	320	1	1149	9	66	0	20	6	749	1
0	0	322	1	469	10	72	1	40	0	0	0
1	0	1600	0	435	10	66	1	41	0	0	1
1	0	1300	1	405	4	119	0	36	6	0	0
1	0	380	1	635	15	75	0	20	6	0	1
0	0	400	1	380	6	87	0	43	6	0	0
0	0	735	1	519	12	70	0	39	6	0	0
0	0	1600	1	349	10	51	0	36	6	0	0
0	0	300	0	482	12	66	0	23	0	0	1
1	0	601	0	404	6	68	0	53	48	0	1
1	0	400	1	480	10	67	0	62	6	0	0
0	0	2000	0	359	6	70	0	30	48	0	1
1	0	8000	0	329	3	122	0	58	48	0	0
1	0	1038	0	439	12	54	0	63	48	0	0
0	0	300	0	455	12	63	1	48	120	0	1
1	0	453	0	1000	12	116	0	24	48	0	1
2	2	600	0	557	12	76	0	51	8	0	1
1	0	624	1	451	12	61	0	41	6	0	0
0	1	896	0	478	15	59	0	49	144	0	1
1	0	2000	1	495	2	175	0	40	6	175	0
1	0	600	0	409	10	63	1	45	240	0	1
1	0	1886	1	329	6	70	0	35	6	0	0
0	0	1100	1	636	10	97	1	44	180	0	0
0	0	800	0	530	20	58	0	34	60	0	1
0	0	1509	0	499	12	63	0	64	48	0	1
0	0	1000	0	555	12	79	0	57	0	0	0
1	0	1238	1	806	18	87	0	44	6	0	1
0	0	480	1	399	6	87	0	37	6	0	0
0	0	1016	0	541	5	99	0	59	48	99	0
0	0	300	1	455	10	69	0	46	6	0	1
1	0	1000	1	466	4	136	0	31	6	0	0
0	0	320	0	480	12	65	1	44	0	0	1
0	0	2000	0	475	2	160	0	61	0	160	0
0	0	300	0	300	6	69	0	27	0	0	1
1	0	1500	1	480	10	67	0	38	6	0	0
0	0	400	0	489	12	67	1	27	36	0	1
0	0	360	0	519	15	64	0	33	228	0	1
1	0	907	0	989	6	132	0	63	48	350	0
0	0	550	1	631	6	134	0	52	6	0	0
0	0	953	0	698	6	145	0	40	48	0	1
0	0	600	1	329	6	72	0	35	6	0	0
0	4	500	0	343	10	52	0	44	336	0	1
0	0	756	1	618	10	85	0	32	6	0	0
1	0	750	0	499	3	182	0	30	48	0	1
1	0	500	0	390	3	145	0	27	48	0	1
1	0	480	0	518	12	71	0	34	30	0	1
0	0	1800	0	479	10	73	1	24	1	0	1
1	0	500	0	633	6	106	0	36	48	0	1
0	0	1903	0	556	3	214	0	60	48	0	0
0	0	377	0	561	12	77	0	64	120	0	1
0	3	1380	1	1074	2	360	0	38	140	360	0
0	0	575	0	433	1	146	0	62	0	290	0
0	1	520	1	567	5	138	0	33	6	0	0
1	0	560	0	829	6	142	0	30	48	142	1
0	3	3000	1	1944	10	266	0	41	6	0	0
0	0	1400	0	450	12	61	0	36	0	0	1
0	0	1500	0	1099	2	334	0	58	0	438	0
1	0	1500	1	457	2	248	0	36	48	0	0
1	0	688	1	489	10	74	0	60	6	0	0
0	0	786	0	552	4	119	0	67	48	119	0
0	0	650	0	464	6	103	0	48	0	0	1
0	0	450	0	403	12	55	0	30	0	0	1
1	0	480	1	537	10	78	0	36	6	0	1
2	0	3500	0	966	4	195	0	62	48	195	0
0	0	400	1	639	10	61	0	43	6	200	0
1	0	540	0	498	6	102	0	21	48	0	1
1	0	521	0	451	9	68	0	20	48	0	1
1	0	300	0	558	12	76	1	40	48	0	1
1	0	1500	1	504	6	107	0	63	6	0	0
0	0	3200	1	380	4	111	0	49	6	0	0
0	0	432	0	550	12	75	0	52	96	0	1
1	0	507	1	539	6	83	0	68	6	150	0
0	3	500	1	639	10	88	0	38	6	0	0
1	0	560	0	640	11	77	0	38	132	100	1
0	0	400	0	437	12	60	0	61	240	0	1
0	0	400	1	520	6	111	0	52	6	0	0
0	0	3000	1	438	6	93	0	38	6	0	0
0	0	750	0	1290	10	177	0	28	6	0	1
0	0	758	1	379	12	52	0	41	6	0	0
1	0	1000	0	999	12	123	0	32	48	0	1
0	0	400	1	348	10	51	0	27	6	0	0
1	0	700	1	450	9	74	0	35	6	0	1
1	0	729	1	495	12	67	0	24	6	0	1
0	0	400	0	537	10	78	0	37	6	0	1
0	0	500	0	456	10	70	0	35	120	0	1
1	0	320	0	430	10	66	0	27	48	0	1
0	0	1000	1	599	12	81	0	49	6	0	0
0	0	1500	1	1000	10	151	0	26	6	0	0
1	0	5610	1	427	10	53	0	31	6	0	0
0	0	4000	1	369	10	56	0	34	6	0	0
3	0	400	1	479	15	59	1	41	180	0	0
0	0	378	0	351	6	73	0	22	48	0	1
0	0	400	0	398	6	56	0	26	0	150	1
1	0	450	1	479	10	73	0	28	6	0	0
0	0	492	1	480	10	67	0	39	6	0	0
0	2	564	1	618	10	89	0	34	6	0	0
0	0	2200	0	2498	6	525	0	46	0	0	1
0	0	800	1	359	6	77	0	51	6	0	0
0	0	300	1	337	10	51	0	54	12	0	0
0	0	800	0	510	10	78	1	35	96	0	1
0	0	4917	1	1645	12	220	0	66	6	0	0
1	0	2220	0	747	10	103	0	19	6	0	1
2	0	573	1	616	12	84	0	35	48	0	0
0	0	980	1	661	12	89	0	41	6	0	0
1	0	2000	1	400	9	66	0	52	6	0	0
1	0	990	1	337	9	55	0	37	6	0	0
1	0	1500	1	525	12	71	0	44	6	0	1
1	0	500	0	552	4	119	0	23	48	119	1
1	0	5500	1	442	1	442	0	30	0	0	1
0	0	900	1	464	10	71	0	39	6	0	0
1	0	860	1	773	6	164	0	61	6	0	0
1	0	1529	1	941	6	199	0	48	6	0	0
0	0	614	0	389	9	51	0	63	48	51	0
1	0	5131	1	579	6	123	0	34	6	0	0
1	0	324	1	780	5	92	0	41	6	400	0
1	0	1350	0	442	2	241	1	59	0	0	0
0	0	2500	1	455	10	69	0	29	6	0	1
1	0	600	0	333	6	56	0	65	48	0	0
1	0	1233	0	555	3	139	0	59	0	139	0
0	0	1235	0	763	4	154	0	57	0	154	0
0	0	378	0	704	8	89	0	34	0	0	1
0	0	5000	1	730	9	86	0	50	6	200	0
3	0	380	0	448	15	56	0	59	420	0	1
1	0	2000	1	387	9	63	0	52	6	0	0
0	0	461	0	420	12	57	0	31	6	0	1
1	0	1451	0	527	3	196	0	23	48	0	1
1	0	450	1	500	6	107	0	28	6	0	1
1	0	450	1	448	10	69	1	35	0	0	0
1	0	720	0	401	4	118	0	32	0	0	1
1	0	510	0	410	10	63	0	31	6	0	1
1	0	600	0	764	10	77	0	21	48	0	1
1	0	750	0	586	10	89	0	34	6	0	1
1	0	390	0	569	12	77	1	48	240	0	1
0	0	543	1	931	9	132	0	31	6	0	0
0	0	396	0	556	12	76	0	51	36	0	1
0	0	450	0	316	6	54	0	30	0	0	1
1	0	360	0	399	10	61	1	41	0	0	1
0	0	400	1	511	10	78	0	28	6	0	0
1	0	1501	1	1059	10	118	0	54	6	200	0
1	0	757	0	725	12	99	0	20	48	0	1
0	0	533	1	515	10	78	0	42	6	0	0
0	0	1555	0	825	12	69	0	22	0	0	1
0	0	345	0	318	6	72	0	36	0	0	1
0	0	895	0	443	12	60	0	58	0	0	0
0	0	580	1	460	12	62	0	31	6	0	0
1	0	500	0	350	3	128	0	63	48	0	0
1	0	450	0	511	12	70	0	28	14	0	1
1	0	1529	1	630	6	133	0	48	6	0	0
0	0	423	1	597	12	75	0	66	6	40	1
0	0	411	1	459	10	64	0	41	6	0	1
0	0	2486	0	549	3	208	0	62	48	0	0
0	0	2500	0	829	12	102	0	32	48	0	1
1	0	412	1	610	12	69	0	37	36	100	0
0	0	500	0	574	6	95	0	44	360	150	0
0	0	754	0	698	11	97	0	60	48	0	0
1	0	566	0	556	12	76	0	41	120	0	1
0	0	800	1	418	10	61	0	40	6	0	0
0	2	1500	1	849	10	117	0	38	6	0	0
0	0	850	0	886	9	124	0	24	48	124	1
1	0	1200	0	695	12	98	1	63	14	0	1
1	0	1400	1	698	3	223	0	31	6	100	0
1	0	590	1	894	10	123	0	63	6	0	0
1	0	417	0	596	12	81	0	26	0	0	1
0	0	1526	0	718	6	123	0	63	48	123	0
0	0	1200	1	535	10	81	0	41	6	0	1
1	0	480	0	471	12	65	1	27	120	0	1
1	0	2000	0	384	1	401	0	22	48	0	1
0	0	300	0	529	12	58	0	34	12	100	1
0	0	5000	1	365	3	133	0	54	48	0	0
1	0	400	0	646	10	98	1	35	14	0	1
2	0	490	0	429	10	66	0	44	10	0	1
1	0	600	1	330	10	51	0	28	6	0	0
0	0	306	0	304	9	51	0	35	0	0	1
1	0	1780	0	478	2	256	0	31	48	0	1
1	0	600	1	849	10	117	0	55	6	0	0
1	0	450	1	459	10	70	0	27	6	0	0
0	0	1334	1	503	10	76	0	41	6	0	0
0	3	1500	1	560	12	76	0	48	6	0	0
0	0	1400	1	420	10	58	0	44	6	0	0
1	0	480	0	445	12	61	0	25	24	0	1
0	0	631	1	469	5	76	0	48	6	157	0
1	0	1674	1	480	10	67	0	43	6	0	1
0	0	360	0	337	10	51	1	29	60	0	1
0	0	1000	1	782	10	118	0	38	6	0	0
1	0	700	0	348	3	129	0	64	48	0	0
0	0	1978	0	485	6	102	0	59	48	0	0
0	0	2429	1	505	10	77	0	26	6	0	0
2	0	1500	0	391	8	70	1	34	0	0	1
0	0	493	0	443	12	60	0	54	0	0	1
1	0	600	1	800	12	107	0	28	6	0	1
0	0	500	1	563	10	85	0	32	6	0	0
0	1	600	1	347	6	74	0	44	6	0	0
1	0	1740	0	400	2	168	0	60	48	100	0
0	0	1453	1	774	10	117	0	58	6	0	0
0	0	3500	1	470	5	92	1	43	24	92	0
0	0	600	0	524	10	80	0	67	120	0	0
0	0	4000	0	336	9	51	0	42	48	0	1
1	0	800	0	336	3	125	0	25	48	0	1
3	0	1004	1	879	10	134	0	40	0	0	0
1	0	1000	0	413	3	153	0	35	48	0	1
1	0	415	1	588	10	89	0	32	6	0	0
1	0	550	0	805	12	109	1	33	108	0	1
0	0	600	0	468	5	114	0	66	72	0	0
0	0	438	0	473	12	64	0	56	0	0	0
1	0	3000	0	360	1	376	0	43	48	0	1
0	2	709	1	399	10	55	0	33	6	0	0
1	0	821	0	508	11	71	0	59	48	0	0
1	0	600	0	370	10	56	1	60	0	0	0
0	0	411	0	419	11	58	0	41	48	0	1
0	2	709	1	398	10	57	0	33	6	0	0
1	0	2000	0	779	10	111	0	27	48	0	1
0	0	1404	0	877	2	294	0	56	0	294	0
3	0	1559	0	310	2	104	0	60	48	107	0
0	0	420	0	849	18	97	1	41	180	0	1
1	0	750	0	851	12	116	1	31	60	0	1
1	0	563	0	599	10	91	1	31	0	0	1
0	0	599	1	459	10	64	0	44	6	0	0
3	0	741	0	491	3	134	0	55	0	134	0
0	0	1500	1	556	12	75	0	27	6	0	1
0	0	600	0	395	9	56	0	28	0	56	1
1	2	900	1	422	5	103	0	27	6	0	1
1	6	500	1	378	10	53	0	50	6	0	0
1	0	900	0	834	6	140	0	51	48	0	1
1	0	350	1	459	10	70	0	46	6	0	0
0	1	400	1	443	10	67	0	44	6	0	0
0	1	1500	1	460	3	154	0	41	6	50	0
1	0	1419	0	1002	12	127	0	28	48	0	1
0	0	1600	1	657	10	91	0	36	6	0	0
2	0	1500	0	552	4	119	0	58	48	119	0
0	2	2000	1	747	10	103	0	34	6	0	0
1	0	1700	0	669	6	139	0	65	48	0	0
0	0	419	0	399	6	83	0	64	48	0	0
0	0	3000	1	704	7	137	1	42	60	0	0
0	0	500	1	345	10	53	0	40	6	0	0
0	0	579	0	301	6	67	0	60	48	0	0
1	0	360	1	519	9	85	0	66	6	0	1
0	0	667	0	638	11	89	0	67	48	0	1
1	0	317	0	508	12	63	0	25	48	0	1
3	0	1021	0	1386	4	279	0	62	48	279	0
1	0	500	1	300	6	64	0	39	6	0	0
0	0	460	0	568	9	61	0	56	0	200	0
0	0	490	1	469	10	71	0	26	6	0	1
1	0	350	1	322	6	69	0	26	6	0	0
1	0	534	0	443	12	60	1	31	36	0	1
1	0	300	0	804	9	75	0	29	48	140	1
0	1	1650	1	628	12	71	0	40	6	100	1
0	0	851	1	618	10	89	0	60	6	0	0
0	0	1300	1	480	10	67	0	34	6	0	0
1	0	600	1	418	10	64	0	36	6	0	0
1	0	500	0	318	3	118	0	30	48	0	1
0	0	308	0	451	9	63	0	24	0	63	1
0	0	446	1	348	10	51	0	40	6	0	0
0	0	410	0	442	6	81	0	21	0	81	1
1	0	313	1	442	15	57	1	24	24	0	1
1	0	2628	1	429	10	65	0	27	6	0	0
0	0	603	1	480	10	67	0	33	6	0	0
1	0	348	0	1068	12	90	0	35	48	0	1
1	0	1432	1	618	10	89	0	37	6	0	1
0	0	300	1	480	10	67	0	43	6	0	0
0	0	1099	1	812	10	124	1	34	0	0	0
1	0	340	1	463	12	63	0	28	6	0	1
0	0	4000	0	358	5	88	0	22	0	0	1
0	0	455	0	901	15	111	1	50	36	0	1
1	0	320	0	421	12	57	0	22	0	0	1
1	0	700	0	439	12	60	1	27	0	0	1
0	2	1500	0	980	10	95	0	28	6	350	1
1	0	1000	1	618	10	89	0	37	6	0	0
1	0	600	1	490	10	74	0	51	6	0	0
1	0	700	1	402	6	86	0	31	6	0	0
0	0	500	1	350	3	132	0	40	6	0	0
1	0	365	0	338	9	55	0	20	36	0	1
0	0	470	0	422	7	82	0	24	0	0	1
1	0	1500	0	470	12	50	1	70	180	100	0
1	0	2000	1	432	9	71	0	34	6	0	0
0	0	672	0	440	10	68	1	23	0	0	1
0	0	400	1	462	12	63	0	32	6	0	0
1	0	600	0	643	12	87	0	28	6	0	1
1	0	620	0	813	12	68	0	26	48	0	1
0	0	1364	0	306	6	70	0	36	0	0	1
3	0	1500	0	405	6	86	0	58	48	0	1
1	0	346	0	399	4	88	0	26	4	100	1
0	4	360	0	620	10	94	0	47	36	0	1
0	0	812	1	618	6	131	0	28	6	0	1
1	0	300	0	442	10	67	0	54	60	0	1
0	0	580	0	552	4	119	0	66	48	119	0
0	0	680	0	881	12	121	0	26	0	0	1
1	0	480	0	398	10	61	0	23	0	0	1
0	0	1540	1	571	10	86	0	42	6	0	0
1	0	700	1	369	6	79	0	28	6	0	0
1	0	3000	1	1810	9	96	0	34	6	1222	1
0	0	800	1	612	6	130	0	35	6	0	0
1	0	2485	1	1296	10	186	0	37	6	0	1
1	0	800	1	710	10	78	0	28	6	200	1
1	0	2220	1	321	6	69	0	46	6	0	0
1	0	320	0	451	12	61	0	38	12	0	1
0	0	337	1	443	12	60	1	51	0	0	0
0	0	300	0	650	12	88	0	38	36	0	1
0	0	2000	1	534	10	77	0	36	6	0	0
0	0	370	0	558	12	76	0	39	0	0	1
0	0	450	1	525	9	86	0	26	6	0	0
1	0	2500	0	552	4	119	0	57	48	119	1
1	0	1368	0	330	6	75	0	46	0	0	1
0	0	448	0	731	12	99	0	23	0	0	1
1	0	600	0	479	6	108	0	21	0	0	1
0	0	300	1	368	6	62	0	40	6	80	0
0	0	6000	0	849	2	305	0	55	0	305	0
0	0	644	0	335	6	74	0	63	48	0	0
0	0	450	1	399	10	55	0	46	6	0	0
1	0	800	0	317	3	118	0	50	48	0	1
1	0	1300	0	657	3	244	0	27	48	0	1
0	0	360	0	606	12	82	0	24	0	0	1
0	2	300	1	420	10	58	0	36	6	0	0
2	0	524	0	335	6	70	0	63	48	0	0
0	1	800	1	435	10	66	0	31	6	0	0
2	0	450	0	481	12	66	0	36	0	0	1
1	0	1560	0	1601	10	243	1	34	72	0	1
1	0	505	1	480	10	67	0	34	6	0	1
0	0	600	1	341	6	73	0	30	6	0	0
0	0	5000	0	1487	2	497	0	55	0	498	0
0	0	2500	0	518	11	60	0	33	0	60	1
1	0	800	0	370	3	137	0	24	48	0	1
1	2	650	1	537	6	113	0	30	6	0	0
0	0	332	0	697	8	88	0	58	0	0	0
1	0	800	1	480	10	67	0	48	6	0	0
1	0	440	0	553	6	105	0	54	120	80	1
0	0	2900	0	1821	2	608	0	61	0	610	0
0	0	600	1	585	12	79	0	36	6	0	0
1	0	600	0	359	2	122	0	61	48	122	0
1	0	929	0	549	6	112	0	58	48	0	0
0	0	715	0	424	12	54	0	28	48	0	1
0	0	500	1	399	10	55	0	33	6	0	0
0	0	600	1	410	10	63	0	32	6	0	0
0	0	600	1	600	6	85	0	28	6	205	0
0	0	1190	0	449	6	77	0	63	48	77	0
0	0	400	1	338	6	73	0	42	6	0	0
1	0	2057	0	366	2	198	0	35	48	0	1
0	0	800	1	480	10	67	0	54	6	0	0
0	0	380	1	679	15	80	0	50	6	0	0
1	0	300	0	403	12	58	1	59	0	0	0
1	0	8000	0	552	4	119	0	64	48	119	0
3	0	348	0	559	12	76	1	55	0	0	0
1	0	600	1	507	6	108	0	26	6	0	0
0	0	800	1	399	10	55	0	43	6	0	1
0	1	350	1	499	12	68	0	32	6	0	0
0	3	600	1	446	12	60	0	45	6	0	1
0	0	2000	1	791	10	120	1	28	0	0	0
0	0	350	1	320	4	94	0	56	6	0	0
2	0	1200	0	343	3	128	0	64	48	0	0
1	0	750	1	525	10	76	0	46	6	0	0
0	0	340	1	499	12	68	0	25	6	0	1
1	0	450	1	387	10	54	0	42	6	0	1
0	0	3000	1	922	12	124	0	36	6	0	1
0	0	1200	0	598	5	148	1	50	0	0	1
1	0	2000	0	1550	8	274	1	37	0	0	1
1	0	900	1	2005	5	169	0	33	6	1300	0
0	1	550	0	728	12	99	0	26	48	0	1
0	0	410	0	348	10	54	0	46	0	0	1
1	0	1200	1	539	9	88	0	34	6	0	0
1	0	465	0	413	15	52	0	21	0	0	1
1	0	371	0	341	6	58	0	26	48	0	1
1	0	430	0	449	9	68	0	60	48	0	0
0	0	4000	1	991	10	129	0	40	6	0	1
0	0	400	1	398	10	58	0	39	6	0	0
1	0	800	1	683	9	111	0	29	6	0	0
0	0	400	1	606	10	92	0	35	6	0	0
1	0	555	0	522	10	79	0	41	6	0	1
1	0	650	0	1185	12	99	0	26	48	0	1
0	0	2500	0	3017	10	302	0	38	0	0	1
0	0	426	0	391	6	87	1	25	0	0	1
1	0	3000	0	451	3	167	0	28	48	0	1
0	0	500	1	567	6	121	0	29	6	0	0
0	0	2000	1	849	10	117	0	61	6	0	0
0	0	1400	1	562	12	79	0	31	6	0	0
1	0	490	0	529	11	60	0	67	48	100	0
0	0	330	0	540	12	67	0	24	0	50	1
0	0	350	1	490	10	75	0	35	6	0	1
2	0	595	1	554	10	85	1	52	120	0	0
1	0	542	1	880	10	133	0	62	6	0	0
1	0	536	0	430	3	160	0	50	48	0	1
0	0	766	1	1059	10	145	0	64	6	0	0
0	0	1800	1	361	6	77	0	47	6	0	0
0	0	715	0	552	4	119	0	59	48	119	0
1	0	300	0	401	10	61	1	62	12	0	0
1	0	652	0	528	9	80	0	23	48	0	1
1	0	628	0	459	12	63	1	22	12	0	1
0	0	1300	1	489	10	74	0	43	6	0	0
0	1	400	1	420	10	58	0	49	6	0	0
0	0	1500	0	959	5	173	1	53	0	250	1
0	0	486	1	475	5	106	1	46	24	40	0
1	0	1000	0	402	3	135	0	62	48	0	0
0	0	580	1	424	12	57	0	31	6	0	0
1	0	320	0	497	12	68	0	21	0	0	1
0	0	800	0	399	3	149	1	57	0	0	0
1	0	350	0	311	6	69	0	25	60	0	1
0	0	300	1	578	10	76	0	40	6	0	0
1	0	360	0	551	6	89	0	27	36	150	1
0	0	300	1	399	10	55	0	35	6	0	0
0	0	500	1	375	5	68	0	34	6	93	0
1	0	1028	0	577	15	75	0	60	0	0	0
0	0	330	0	470	9	77	0	20	6	0	1
0	0	753	1	639	10	88	0	30	6	0	0
1	0	2500	1	302	2	163	0	36	6	0	0
0	0	960	1	337	6	72	0	37	6	0	0
0	0	770	1	373	10	57	0	35	6	0	0
0	0	600	0	827	12	112	0	21	0	0	1
0	0	839	0	439	6	76	0	58	48	76	0
1	0	833	1	375	10	57	0	37	6	0	0
3	0	480	0	502	12	68	0	41	120	0	1
0	0	500	1	567	10	78	0	37	6	0	0
3	0	1390	0	552	4	119	0	61	48	119	0
1	0	330	1	449	12	62	0	34	0	0	0
0	0	600	1	849	10	117	0	32	6	0	0
0	3	610	1	597	10	82	0	27	6	0	0
0	0	400	1	546	6	116	0	32	6	0	1
0	1	1200	1	1149	10	158	0	42	6	0	0
0	0	500	1	621	9	84	0	40	6	0	0
0	0	3000	0	756	9	123	1	58	300	0	1
0	0	690	0	598	12	76	0	32	0	0	1
1	0	300	1	373	10	54	0	29	6	0	0
1	0	411	0	514	12	70	0	30	108	0	1
0	0	604	0	549	12	75	0	42	120	0	1
1	0	600	0	477	12	65	0	31	0	0	1
0	0	800	1	560	6	119	0	45	6	0	0
0	0	1552	0	694	4	158	0	56	0	158	0
0	0	1168	1	349	10	51	0	33	6	0	1
1	0	800	0	689	4	85	0	36	48	400	1
1	0	1055	1	1059	10	128	0	32	6	130	0
0	3	587	1	559	12	76	0	58	6	0	0
1	0	1200	0	416	6	89	0	32	6	0	1
0	0	550	0	403	3	155	0	24	0	0	1
0	0	500	1	460	10	61	0	36	6	60	0
1	0	1200	0	701	2	236	0	62	0	236	0
1	0	310	0	612	12	63	1	20	39	150	1
0	0	720	0	360	6	61	0	58	0	0	0
1	0	870	1	570	12	77	0	34	6	0	0
1	0	1893	0	979	5	164	0	62	48	165	1
0	0	1500	1	410	12	55	0	27	6	0	1
3	0	499	0	336	6	77	1	49	180	0	1
0	0	411	1	529	12	72	0	55	6	0	0
1	0	390	0	525	15	58	1	39	36	60	1
0	0	1400	1	970	12	117	0	23	6	100	1
1	0	550	0	429	10	65	0	20	72	0	1
1	0	600	0	328	3	122	0	32	48	0	1
0	0	300	1	465	10	71	0	31	6	0	0
1	0	1500	0	1617	12	135	0	50	48	0	1
0	0	867	1	885	10	122	0	38	6	0	0
0	0	900	0	530	12	73	0	33	0	0	1
0	0	500	1	562	10	85	0	49	6	0	0
0	0	1050	0	518	11	60	0	55	0	60	0
0	0	971	0	300	6	56	1	65	120	50	0
0	0	800	0	442	3	161	0	36	48	0	1
0	0	933	0	596	4	137	1	62	12	137	0
1	0	300	0	398	12	54	0	21	0	0	1
0	2	468	1	309	6	66	0	32	6	0	1
1	0	553	1	572	8	101	1	36	0	0	0
1	0	2000	1	550	9	90	0	35	6	0	0
0	0	500	1	643	8	115	0	62	60	0	0
3	0	617	0	933	15	115	1	58	60	0	1
0	0	900	0	558	10	86	1	40	72	0	1
0	0	1447	1	420	12	57	0	56	6	0	0
0	0	700	1	560	5	134	0	35	6	0	0
0	0	500	1	329	4	97	0	34	6	0	0
0	0	2581	0	308	2	168	0	40	48	0	1
1	0	660	0	503	3	187	0	29	48	0	1
1	0	500	0	347	3	126	0	58	48	0	0
2	0	4005	0	518	3	142	0	67	48	142	0
0	0	540	1	650	10	94	0	41	6	0	1
1	0	602	0	595	6	138	1	32	24	0	1
1	0	3442	0	552	4	119	0	64	48	119	0
1	0	1500	0	578	12	79	1	29	0	0	1
0	0	1200	1	618	10	89	0	35	6	0	0
1	0	880	1	849	10	117	0	48	6	0	0
1	0	328	0	350	10	54	0	23	0	0	0
1	0	1846	1	365	10	56	0	23	6	0	1
1	0	513	0	412	6	70	0	36	48	0	1
0	0	592	1	322	6	73	1	48	252	0	0
0	0	700	0	620	6	138	0	43	120	0	1
0	0	1750	0	776	3	103	0	57	0	500	0
0	0	450	1	429	10	59	0	37	6	0	0
1	0	600	0	1090	12	96	1	34	0	390	1
0	0	421	0	416	10	63	0	39	0	0	1
1	0	486	0	339	4	101	0	23	48	0	1
1	0	450	1	832	12	112	0	45	6	0	0
0	0	500	1	429	10	60	0	44	6	0	0
0	0	634	0	931	12	127	0	29	0	0	1
3	0	800	0	499	2	168	0	58	48	168	0
0	0	400	1	789	24	76	0	41	6	0	1
0	0	500	0	501	4	148	1	24	8	0	1
0	0	600	1	1065	9	172	0	51	6	0	1
0	0	2592	0	1087	2	364	0	62	0	364	0
0	0	404	1	474	12	64	0	39	6	0	0
0	0	300	1	359	9	59	0	39	6	0	0
0	0	1051	0	829	12	102	0	38	48	0	1
0	0	400	0	560	11	82	0	39	24	0	1
1	0	800	1	929	6	197	0	43	6	0	0
0	0	300	1	311	6	67	0	41	6	0	0
0	0	500	1	480	10	67	0	43	6	0	0
0	0	1000	1	849	10	117	0	39	6	0	0
1	0	700	1	480	10	67	0	54	6	0	0
0	0	1000	1	449	6	96	0	37	6	0	0
0	0	513	1	537	10	78	0	40	6	0	0
1	0	450	1	418	10	61	0	39	6	0	0
0	0	1620	0	735	8	130	0	30	60	0	1
0	0	500	0	804	12	109	0	39	36	0	1
0	0	4000	0	444	4	96	0	59	48	96	0
0	0	800	0	440	10	67	1	52	60	0	1
0	0	450	1	318	3	120	0	26	6	0	0
0	0	300	0	391	10	60	0	25	0	0	0
0	0	934	0	625	10	95	0	35	0	0	1
0	0	350	1	470	12	65	0	28	144	0	1
0	1	500	1	465	12	63	0	23	6	0	1
1	0	1500	0	402	3	149	0	34	48	0	1
1	0	579	0	459	12	57	0	61	48	0	0
1	0	800	1	618	10	89	0	41	6	0	0
1	2	700	1	439	10	67	0	48	6	0	0
0	0	500	1	360	10	55	0	36	6	0	1
1	0	500	0	541	5	99	0	66	48	99	0
1	0	733	0	980	10	149	0	25	0	0	1
1	0	649	1	311	2	69	1	40	0	190	0
1	0	800	0	605	3	224	0	39	48	0	1
0	0	300	1	395	10	60	0	30	6	0	1
0	0	750	0	376	10	57	0	32	108	0	1
3	0	1420	0	592	2	211	1	65	48	211	0
0	0	300	0	479	12	65	0	49	6	0	1
0	0	529	0	435	6	90	0	63	48	0	1
0	0	1317	0	951	6	212	0	62	60	0	0
0	0	1500	0	571	3	214	0	24	2	0	1
1	0	500	0	362	3	135	0	62	48	0	0
0	0	2000	0	699	18	76	0	62	6	0	1
0	0	408	0	453	10	70	1	25	120	0	1
1	0	3760	0	731	2	246	0	60	48	246	0
1	0	1500	0	409	6	85	0	38	48	0	1
0	0	1981	1	639	10	88	0	39	6	0	0
0	0	800	1	700	5	168	0	26	6	0	0
1	0	650	0	333	6	74	0	21	0	0	1
1	0	819	1	558	24	54	0	40	6	0	0
0	0	450	1	618	10	85	0	54	6	0	0
0	0	800	1	747	10	103	0	45	6	0	0
1	0	1800	0	563	3	209	0	28	48	0	1
1	0	453	1	439	10	64	0	23	6	0	1
1	0	896	0	1003	6	208	0	62	48	0	0
0	0	500	1	590	6	126	0	37	6	0	0
0	0	929	0	400	12	55	1	56	0	0	0
0	0	350	0	595	12	81	0	19	0	0	1
0	0	420	1	554	9	90	0	39	6	0	0
0	0	558	1	549	6	117	0	32	6	0	0
0	0	597	0	552	4	119	0	60	48	119	0
1	0	1850	0	400	1	418	0	26	48	0	1
1	0	500	0	552	4	119	0	61	48	119	0
0	0	1575	0	529	6	111	0	58	48	0	0
0	0	1300	1	639	10	88	0	32	6	0	0
0	0	400	1	692	10	95	0	46	6	0	0
1	0	1166	0	1120	4	329	0	62	48	0	0
0	0	1000	0	776	12	105	1	30	12	0	1
1	0	513	1	480	12	66	1	44	60	0	0
1	0	1886	1	560	6	119	0	35	6	0	0
1	0	1079	0	643	6	108	0	61	48	0	0
0	0	308	1	459	10	57	0	64	6	50	0
0	0	750	1	446	3	167	0	42	6	0	1
1	0	589	0	473	6	105	1	28	72	0	1
1	0	558	1	480	10	67	0	38	6	0	1
0	0	483	0	552	4	119	0	62	48	119	0
1	0	400	0	558	12	77	0	19	24	0	1
1	0	550	0	301	3	112	0	30	48	0	1
1	0	2000	0	309	3	115	0	49	48	0	1
0	3	1000	1	849	10	117	0	37	6	0	0
0	0	300	1	398	10	58	0	33	6	0	0
0	0	500	0	441	10	67	0	34	6	0	1
0	0	900	0	845	15	105	1	23	36	0	1
0	0	778	0	640	10	97	1	53	360	0	1
1	0	576	0	719	15	89	0	37	24	0	1
0	0	2500	0	516	5	99	0	64	48	99	0
1	0	2000	0	557	3	207	0	29	48	0	1
0	0	500	1	480	10	67	0	28	6	0	0
1	0	983	0	605	6	129	0	56	6	0	0
0	0	882	1	979	15	115	0	63	6	0	1
0	0	600	0	617	12	85	0	33	0	0	1
0	0	1500	1	495	2	175	0	44	6	175	0
1	0	1500	0	591	2	320	0	21	48	0	1
1	0	1000	0	385	6	87	1	42	0	0	1
0	0	530	0	414	3	113	0	57	0	113	0
1	0	1307	0	757	3	283	1	19	0	0	1
1	0	2500	0	636	2	344	0	36	48	0	1
1	0	314	0	443	12	60	1	45	12	0	1
0	0	800	1	395	12	54	0	36	6	0	0
0	0	323	0	375	10	58	0	33	0	0	1
0	0	1000	0	712	4	77	0	39	96	450	1
0	0	1150	1	530	6	113	0	70	6	0	0
0	0	300	1	399	6	89	1	27	0	0	0
0	0	2100	0	618	10	85	0	34	6	0	1
1	0	600	1	459	5	111	0	37	6	0	0
0	0	400	0	470	6	89	0	34	180	70	1
0	0	2000	0	368	10	58	0	57	0	0	0
1	0	600	1	301	6	65	0	30	6	0	0
2	0	721	0	666	10	101	0	45	144	0	1
1	0	564	1	451	10	69	0	51	6	0	0
0	0	500	1	350	10	54	0	38	6	0	0
0	0	800	1	589	6	131	1	37	0	0	0
0	0	898	0	552	4	119	0	61	48	119	0
1	0	1699	0	1187	10	180	0	46	144	0	1
1	0	2000	0	338	2	115	0	39	48	115	1
1	0	454	0	735	15	79	0	24	24	100	1
0	0	800	0	850	10	129	1	27	120	0	1
0	0	300	1	480	12	68	0	62	6	0	1
1	0	500	1	469	6	105	0	28	24	0	1
1	0	621	0	499	10	76	1	64	120	0	1
1	0	4000	0	446	3	166	0	49	48	0	1
0	5	600	1	651	10	98	0	53	6	0	0
0	0	1800	0	543	6	111	0	57	0	0	0
3	0	335	0	396	10	60	1	62	0	0	0
1	0	1000	0	1281	10	196	0	24	7	0	1
1	0	712	0	459	3	125	1	29	120	125	1
1	0	350	0	595	11	83	0	21	48	0	1
0	0	400	0	829	12	114	1	25	3	0	1
1	0	1200	0	555	4	166	1	57	12	0	0
3	0	865	0	426	12	58	1	56	0	0	0
1	0	500	0	552	4	119	0	59	48	119	0
1	0	411	0	305	4	92	0	37	240	0	1
0	0	1500	1	650	10	98	0	34	6	0	0
1	0	800	0	363	10	55	1	40	36	0	1
0	0	1430	1	655	9	108	1	59	300	0	0
0	0	500	0	363	4	107	1	64	24	0	0
0	0	1457	0	529	3	145	0	63	48	145	0
1	0	1800	1	735	12	99	0	45	6	0	1
1	0	1800	0	699	3	259	0	37	48	0	1
1	0	302	0	352	10	51	0	27	48	0	1
0	0	303	0	480	10	67	0	27	6	0	1
1	0	500	0	399	5	97	1	21	0	0	1
1	0	360	0	469	12	64	0	37	204	0	1
0	0	350	1	368	10	56	0	49	6	0	0
1	0	580	1	565	6	120	0	31	6	0	0
0	0	2000	1	615	6	131	0	45	6	0	0
0	0	350	0	925	24	89	0	51	6	0	1
0	0	400	0	333	4	98	0	54	96	0	1
1	0	360	1	537	10	78	0	46	6	0	0
0	0	1500	1	449	5	108	0	29	6	0	0
0	3	1500	1	360	10	55	0	62	6	0	1
3	0	578	0	597	10	91	1	52	0	0	1
0	1	600	1	450	12	66	0	27	6	0	1
1	0	1000	0	496	2	269	0	36	48	0	1
1	0	500	0	552	4	119	0	61	48	119	0
0	0	1623	0	792	2	266	0	63	48	266	0
1	0	330	0	496	12	68	0	45	72	0	1
0	1	500	1	399	10	55	0	30	6	0	0
0	0	463	0	436	10	67	0	41	72	0	1
0	0	1200	1	690	10	104	0	51	6	0	0
1	0	800	0	446	5	90	0	40	48	0	1
0	0	600	0	505	10	77	0	45	240	0	1
0	0	594	0	677	12	92	0	22	0	0	1
1	0	500	0	552	4	119	0	65	48	119	0
0	0	1800	1	543	4	160	1	35	120	0	0
0	0	836	0	439	12	54	0	58	48	0	0
0	0	578	1	395	6	88	0	28	24	0	0
0	3	1800	1	690	12	93	0	39	6	0	0
0	0	2000	0	499	2	168	0	29	48	168	1
0	0	900	0	460	12	63	1	27	120	0	1
1	0	1615	0	399	3	110	0	58	48	110	0
1	0	316	0	485	12	67	0	54	0	0	0
1	0	300	0	440	5	89	0	36	48	0	1
1	0	1550	0	546	3	203	0	24	48	0	1
1	0	607	0	483	12	66	0	22	6	0	1
1	0	750	0	419	6	90	0	26	6	0	1
1	0	500	0	341	6	58	0	62	48	0	0
0	0	1300	0	915	12	125	1	32	0	0	1
1	0	1500	1	990	6	210	0	54	6	0	0
1	0	1674	1	558	10	84	0	43	6	0	1
0	0	320	0	501	12	72	0	29	180	0	1
0	0	600	1	315	4	93	0	29	6	0	0
0	0	987	0	638	3	213	0	61	0	0	0
0	0	1200	0	796	6	168	0	30	0	0	1
1	0	1120	0	897	12	122	0	22	20	0	1
0	0	451	1	489	9	80	0	33	6	0	0
0	0	700	1	433	4	128	0	28	12	0	0
1	0	300	1	399	10	55	0	60	6	0	0
0	0	1000	1	519	10	72	0	37	6	0	0
1	0	1697	0	552	4	119	0	68	48	119	1
0	0	679	1	329	4	59	0	64	24	129	0
1	0	446	0	465	10	71	0	34	120	0	1
1	0	1190	0	420	6	99	1	47	120	0	1
1	0	301	1	490	12	66	0	41	6	0	1
1	0	1448	0	599	6	133	1	60	120	0	1
1	0	2500	1	930	10	140	0	27	6	0	1
0	0	450	1	550	24	53	0	30	6	0	0
1	0	400	1	410	10	63	0	29	6	0	0
0	0	838	1	519	10	79	0	50	6	0	0
0	0	2500	1	618	10	89	0	43	6	0	0
0	0	972	0	559	3	152	0	45	0	152	1
0	0	550	1	430	9	59	0	40	6	0	0
0	0	346	1	347	10	53	0	34	6	0	0
0	0	1323	0	420	10	64	0	58	0	0	0
0	0	1600	0	488	10	75	1	31	108	0	1
0	0	800	1	459	10	64	0	32	6	0	0
1	0	327	1	469	12	64	0	32	6	0	0
0	0	2119	0	606	4	120	0	56	0	131	0
0	0	400	0	440	12	60	0	60	12	0	0
0	0	800	0	491	2	166	0	58	48	166	0
0	0	450	0	392	12	54	0	28	0	0	1
0	0	705	0	409	10	63	0	35	48	0	1
0	0	1000	1	348	10	51	0	36	6	0	0
1	0	400	0	421	12	57	0	22	36	0	1
1	0	319	0	537	6	90	0	24	48	0	1
1	0	1079	0	631	6	141	1	27	0	0	1
1	0	600	1	429	12	58	0	43	6	0	0
0	0	300	0	495	10	75	0	44	300	0	1
0	0	578	1	459	10	70	0	30	6	0	0
1	0	1600	0	419	2	141	0	60	48	142	0
0	0	800	0	345	5	84	0	30	0	0	1
0	0	500	1	390	10	60	0	37	6	0	0
1	0	850	0	446	6	99	0	42	96	0	1
1	0	360	0	492	12	67	1	66	96	0	0
0	0	500	0	355	10	54	0	25	6	0	1
0	0	1860	1	782	10	118	0	37	6	0	0
1	0	466	0	672	6	116	0	22	0	150	1
1	1	800	1	365	10	56	0	43	6	0	0
0	0	450	1	610	9	99	0	51	6	0	0
0	0	609	0	830	10	126	0	30	0	0	1
0	0	820	0	410	4	125	1	61	0	0	0
0	0	3000	0	2129	2	711	0	55	0	712	0
1	0	600	0	428	12	58	1	31	108	0	1
1	0	600	1	540	12	73	0	28	6	0	1
1	0	355	1	475	9	78	0	51	6	0	0
1	0	700	0	359	10	55	0	58	6	0	0
1	0	1200	0	317	3	116	0	27	48	0	1
0	0	800	1	465	15	55	0	29	6	0	0
0	0	2000	0	580	18	62	0	62	6	0	1
0	0	650	1	639	10	88	0	22	6	0	1
0	0	349	0	430	15	54	0	26	0	0	1
1	0	1500	0	552	4	119	0	61	48	119	0
0	0	478	0	580	9	95	0	24	0	0	1
1	0	650	1	600	6	65	0	32	6	300	0
0	0	1200	0	899	12	89	0	63	48	200	0
0	0	600	0	450	10	54	1	38	60	100	1
1	0	300	1	529	9	86	0	31	6	0	0
0	0	455	0	453	12	63	1	32	12	0	1
1	0	1200	0	366	6	62	0	43	48	0	1
0	0	2500	1	418	4	122	0	28	6	0	0
3	0	1800	0	459	12	58	0	66	48	0	0
1	0	426	0	517	6	87	0	24	48	0	1
0	0	300	0	597	10	82	0	22	6	0	1
1	0	1400	1	500	6	107	0	26	6	0	0
0	0	1639	1	315	3	81	1	41	60	100	0
0	0	1320	1	569	5	112	1	43	0	112	0
0	0	2600	0	4000	12	467	0	34	0	0	1
0	1	600	1	480	10	67	0	46	6	0	0
1	0	498	1	344	10	53	0	22	6	0	1
0	3	627	1	979	9	126	0	37	6	200	0
1	0	1076	0	336	5	68	0	60	48	0	0
1	0	600	1	735	10	111	0	27	6	0	0
0	0	680	0	769	12	105	0	36	216	0	1
0	0	324	1	365	6	57	0	26	6	100	1
0	0	873	1	385	6	82	0	46	6	0	0
0	0	454	1	454	7	89	1	44	108	0	0
2	0	6158	0	552	4	119	0	64	48	119	0
1	0	400	0	379	4	83	0	29	0	100	1
0	0	380	1	480	6	102	0	21	6	0	1
0	0	300	1	468	10	64	0	31	6	0	0
0	0	2759	0	698	12	86	0	64	48	0	0
0	0	320	0	470	12	64	0	26	12	0	1
1	0	920	0	700	12	99	1	37	192	0	1
0	0	1107	0	689	6	120	0	41	0	150	1
1	0	800	1	407	5	100	1	41	0	0	0
0	0	480	0	681	20	74	0	33	24	0	1
0	0	2615	0	459	2	162	0	64	48	162	0
0	0	905	1	398	6	84	0	31	6	0	1
0	0	600	1	346	10	51	0	40	6	0	0
1	0	300	1	470	10	72	0	37	6	0	1
1	0	480	1	658	12	89	1	52	144	0	0
0	0	500	1	479	6	55	0	39	6	200	0
0	0	400	1	546	10	83	0	30	6	0	0
1	0	830	1	546	10	83	0	51	6	0	0
0	0	2000	1	590	4	129	0	36	6	150	0
1	0	3000	0	329	3	122	0	40	48	0	1
1	0	689	0	779	12	96	0	47	48	0	1
0	0	640	1	370	3	138	0	38	132	0	0
0	0	435	1	531	10	63	0	22	6	115	1
3	0	7260	0	399	3	151	0	67	48	0	0
0	0	1000	1	639	10	68	0	37	6	150	0
1	0	640	0	301	4	90	0	67	48	0	0
0	0	417	1	425	12	58	0	35	6	0	1
0	0	300	1	463	10	70	0	37	6	0	0
1	0	1500	1	416	1	145	0	52	6	280	0
1	0	877	0	771	5	103	0	39	48	257	1
0	0	550	0	369	10	57	0	33	12	0	1
0	0	470	1	357	4	105	0	42	24	0	0
0	0	774	1	305	6	68	1	43	72	0	0
1	0	1052	0	417	3	155	0	44	48	0	1
0	0	479	0	458	12	62	0	55	192	0	1
0	0	500	1	810	6	130	0	30	6	200	1
1	0	336	1	479	9	78	0	30	6	0	0
0	0	331	0	549	12	75	0	22	12	0	1
1	0	2251	0	552	4	119	0	59	48	119	0
0	0	1111	1	309	6	66	0	54	6	0	0
0	0	519	1	431	9	70	1	41	156	0	0
0	3	350	1	639	10	75	0	35	6	100	0
1	0	400	1	429	10	60	0	24	6	0	1
1	0	520	0	719	15	89	0	28	6	0	1
1	0	600	0	396	6	89	0	25	60	0	1
0	0	497	1	325	9	56	0	48	6	0	0
0	0	600	0	517	6	110	0	58	48	0	0
0	0	700	0	637	3	174	0	25	48	174	0
0	0	1100	1	378	4	111	0	43	6	0	0
0	0	692	1	459	10	70	0	64	6	0	0
1	0	350	0	369	9	52	0	64	24	52	0
0	0	688	0	552	4	119	0	59	48	119	0
1	0	360	1	638	9	104	0	66	6	0	0
0	0	540	0	552	4	119	0	38	48	119	1
0	0	1000	0	687	12	93	0	57	0	0	0
0	0	350	0	488	12	66	0	24	0	0	1
2	0	800	0	598	6	135	0	58	24	0	1
1	0	1073	1	340	10	52	0	40	6	0	0
0	0	460	0	398	6	56	0	54	0	150	0
0	0	700	0	818	10	125	0	56	0	0	0
0	0	663	1	429	10	60	0	49	6	0	0
0	0	350	0	583	6	98	0	23	0	0	1
1	0	1034	1	429	10	60	0	60	6	0	0
2	0	1000	1	552	6	124	1	57	360	0	0
1	0	356	0	404	9	63	0	32	48	0	1
1	0	2708	0	364	1	384	0	27	48	0	1
0	0	2000	1	567	10	78	0	37	6	0	0
1	0	500	0	311	3	114	0	23	48	0	1
0	0	4000	0	994	2	333	0	55	0	333	0
1	0	350	0	528	6	89	0	25	48	0	1
1	0	850	0	514	12	70	1	49	0	0	1
3	0	566	0	703	12	96	0	47	144	0	1
1	0	480	0	576	12	78	1	50	24	0	1
3	0	800	0	632	12	78	1	37	36	78	1
1	0	500	1	555	6	118	0	33	6	0	0
1	0	2313	0	699	9	105	0	64	48	0	0
1	0	650	1	868	5	84	0	38	6	522	0
3	0	500	0	428	15	54	0	43	4	0	1
0	0	1100	0	567	5	95	0	56	0	95	0
0	0	590	1	396	6	88	0	52	264	0	0
1	0	300	0	380	6	85	1	21	0	0	1
0	0	899	0	580	12	71	0	55	0	60	0
1	0	473	0	591	6	99	0	62	48	0	1
1	0	4000	0	583	3	160	1	38	24	160	1
0	0	360	1	435	10	66	0	46	6	0	0
0	0	386	0	425	8	76	0	69	180	0	1
1	0	500	1	376	6	80	0	24	6	0	1
1	0	1054	0	705	4	142	0	59	48	142	0
1	0	852	0	1067	10	169	1	20	0	0	1
0	0	600	0	445	10	68	0	57	12	0	1
1	0	397	0	403	10	61	1	40	0	0	1
1	0	900	1	625	10	95	0	34	6	0	0
1	0	800	0	495	2	175	0	35	6	175	1
0	0	470	0	659	12	90	0	23	13	0	1
1	0	2500	1	302	2	163	0	36	6	0	0
1	0	5610	1	600	10	75	0	31	6	0	0
3	0	1359	0	601	6	125	0	63	48	0	0
0	0	1200	1	305	3	115	1	35	108	0	0
1	0	1195	1	1554	12	211	0	44	6	0	1
0	0	308	1	393	12	54	0	63	72	0	0
1	0	980	0	393	3	143	0	24	48	0	1
2	0	385	0	659	12	72	0	61	48	72	0
1	0	560	1	376	10	55	0	29	6	0	0
0	0	1400	1	514	2	173	0	40	119	173	0
1	0	300	1	410	9	67	0	30	6	0	0
1	0	1500	0	475	10	72	1	49	60	0	1
0	0	4842	1	567	10	78	0	45	6	0	0
0	0	1118	1	397	2	217	0	42	6	0	0
0	0	380	1	365	10	56	0	20	6	0	1
0	0	500	0	441	10	67	0	34	6	0	1
0	0	1107	0	689	6	98	0	41	0	150	1
1	0	736	1	423	9	69	0	52	6	0	0
0	0	500	0	588	6	133	0	31	0	0	1
0	0	750	1	849	10	117	0	31	6	0	0
1	0	747	0	552	4	119	0	61	48	119	0
1	0	301	0	466	12	63	0	36	96	0	1
0	7	300	1	558	12	75	0	56	6	0	0
1	0	1527	0	1899	12	233	0	32	48	0	1
0	0	550	0	546	9	94	0	27	0	0	1
1	0	800	0	310	3	113	0	26	48	0	1
1	0	546	0	474	10	72	0	34	240	0	1
1	0	566	0	685	12	87	0	24	48	0	1
0	0	2190	1	399	6	91	1	42	96	0	0
1	0	444	1	480	10	53	0	52	6	100	0
1	0	1500	1	484	3	132	1	32	12	132	0
0	0	600	1	403	12	56	1	32	0	0	0
0	0	400	1	559	12	76	0	27	6	0	0
0	2	850	1	335	6	72	0	26	6	0	1
0	0	400	1	747	10	62	0	38	6	300	1
0	0	1300	0	481	11	60	1	52	60	60	1
0	0	556	0	360	6	75	0	28	0	25	1
1	0	420	1	470	12	64	0	22	6	0	1
0	0	1028	0	690	6	161	1	58	0	0	0
0	0	404	0	480	10	67	0	41	6	0	1
0	0	300	1	310	6	67	0	61	6	0	0
1	0	2173	0	491	3	182	0	36	48	0	1
3	0	1092	0	480	10	74	1	61	228	0	1
0	0	600	0	643	6	108	0	30	0	0	1
0	0	1600	1	429	10	60	0	30	6	0	0
0	0	767	1	647	4	191	1	43	216	0	0
1	0	2500	0	384	2	205	0	32	48	0	1
0	0	511	1	639	10	88	0	60	6	0	0
0	0	960	1	420	6	89	0	37	6	0	0
0	0	500	1	489	6	104	0	34	6	0	0
0	0	400	0	351	2	119	0	54	0	119	0
1	0	1000	1	537	10	78	0	43	6	0	0
0	0	330	1	348	10	51	0	39	6	0	0
1	0	5000	0	402	1	424	0	34	48	0	1
2	0	346	1	580	5	68	1	52	24	300	0
1	0	500	0	308	3	112	0	35	48	0	1
1	0	2000	0	486	3	177	0	43	48	0	1
1	0	2220	0	747	10	103	0	19	6	0	1
0	0	400	1	345	9	57	0	34	6	0	0
1	0	3000	0	694	12	94	1	28	24	0	1
0	0	1190	0	452	10	63	0	58	6	0	0
1	0	2170	0	659	6	113	0	59	48	113	0
0	0	1100	0	440	5	109	0	58	48	0	0
1	0	500	0	852	15	105	0	28	72	0	1
0	0	1333	1	670	12	90	0	33	6	0	0
0	0	2500	0	685	6	144	0	40	48	0	1
0	0	551	1	647	10	94	0	34	6	0	0
1	0	380	0	492	12	68	0	41	12	0	1
0	0	1200	1	470	6	79	0	33	6	100	0
0	0	3266	0	552	4	119	0	67	48	119	0
1	0	780	1	618	10	89	0	24	6	0	1
0	0	1123	1	1059	10	145	0	36	6	0	0
1	0	800	1	929	6	197	0	29	6	0	0
1	0	532	0	399	12	54	1	30	0	0	1
1	0	500	1	480	10	67	0	30	6	0	0
0	0	800	1	490	12	67	0	33	0	0	0
0	0	1099	0	552	4	119	0	65	48	119	0
1	0	833	1	470	10	72	0	37	6	0	0
0	0	600	0	930	10	111	1	38	180	200	1
0	0	795	0	334	5	68	0	59	0	0	1
0	0	330	1	340	6	73	0	37	6	0	1
1	0	351	0	330	10	50	0	24	24	0	1
0	0	1200	0	552	4	119	0	58	48	119	0
0	0	1300	0	524	4	93	0	59	0	159	0
0	0	967	0	756	6	126	0	54	6	0	1
0	0	830	1	902	5	216	0	40	6	0	0
0	0	500	1	480	10	67	0	37	6	0	0
1	0	1345	1	618	10	89	0	19	6	0	1
0	0	903	0	348	2	118	0	55	0	118	0
0	0	1258	0	552	4	119	0	67	48	119	0
0	0	1225	1	1095	10	143	0	31	6	0	1
0	0	426	0	858	12	72	0	30	0	0	1
0	1	1000	1	505	10	70	0	47	6	0	0
0	2	300	1	339	10	51	0	48	6	0	0
1	0	474	0	798	12	98	0	24	48	0	1
0	0	580	1	382	10	56	0	35	6	0	1
0	0	908	1	539	12	73	0	45	72	0	0
1	0	1200	0	417	6	70	0	59	48	0	0
0	0	1215	1	674	9	110	0	34	6	0	1
0	0	892	1	350	10	53	1	35	60	0	1
1	0	500	0	546	15	68	0	37	72	0	1
0	0	300	0	429	12	58	0	35	156	0	0
1	0	606	0	596	6	125	0	64	48	0	0
0	0	600	1	499	4	146	0	31	6	0	0
0	0	445	0	443	12	61	0	26	48	0	1
1	0	930	1	550	4	162	0	32	6	0	0
0	0	470	0	489	6	82	0	23	0	0	1
0	0	300	1	629	12	55	1	54	60	230	0
0	0	1548	1	339	6	73	0	63	6	0	0
0	0	700	1	770	12	104	0	45	6	0	0
0	0	1900	0	549	4	116	0	61	48	150	0
0	0	1800	0	308	2	165	0	63	48	0	0
1	0	1013	1	323	6	69	0	41	6	0	1
1	0	400	0	401	10	62	1	26	72	0	1
1	0	481	0	366	6	62	0	65	48	0	0
0	0	578	1	392	10	55	0	27	6	0	0
0	0	550	0	999	12	123	0	48	48	0	1
1	0	380	0	332	6	77	0	35	156	0	1
0	0	707	0	690	10	61	0	57	0	300	0
0	0	550	1	469	5	89	0	37	6	100	0
2	0	662	1	522	6	87	0	66	359	0	0
0	0	690	0	559	5	137	0	58	48	0	0
1	0	300	0	439	12	60	0	26	0	0	1
0	0	350	1	399	9	65	0	30	6	0	0
0	0	300	0	556	12	76	0	33	0	0	1
1	0	1324	0	349	3	130	0	62	48	0	0
0	0	400	1	429	10	60	0	36	6	0	0
0	0	480	1	309	6	70	0	46	156	0	0
1	0	2000	1	639	10	88	0	31	6	0	0
1	0	679	1	386	10	59	0	46	6	0	0
1	0	650	1	480	10	67	0	38	6	0	0
0	0	1071	0	698	6	120	0	65	48	120	0
0	0	500	0	305	6	51	0	47	0	0	1
1	0	613	1	557	9	91	0	25	6	0	1
0	3	1500	1	450	9	74	0	26	6	0	0
1	0	420	0	590	12	80	0	27	120	0	1
1	0	920	0	306	6	68	0	22	0	0	1
0	0	3000	1	429	10	60	0	36	6	0	1
0	0	2091	0	1701	4	341	0	59	48	342	0
1	0	2500	0	346	3	129	0	48	48	0	1
3	0	300	0	407	9	58	0	38	60	50	1
0	2	584	1	849	10	117	0	40	6	0	0
1	0	335	0	498	12	68	0	22	26	0	1
0	0	1105	1	618	10	89	0	50	6	0	0
1	0	1200	0	466	10	74	1	38	12	0	1
0	0	1200	1	747	10	103	0	30	6	0	1
0	1	800	1	643	6	116	0	26	6	100	0
1	0	361	1	480	10	67	0	47	6	0	0
1	0	750	1	567	10	78	0	37	6	0	0
1	0	500	0	689	6	145	0	60	48	0	0
1	0	500	0	399	6	89	0	46	120	0	1
2	0	2690	0	1093	12	148	0	39	6	0	1
0	0	600	1	459	10	64	0	29	6	0	0
0	0	518	1	480	6	102	0	38	6	0	0
0	0	450	1	318	5	77	0	42	6	0	0
1	0	300	0	419	12	57	1	20	36	0	1
1	0	1000	0	489	3	182	0	50	48	0	1
0	0	480	0	558	5	113	0	37	190	0	1
0	0	800	1	529	6	113	0	44	6	0	0
1	0	500	0	699	11	97	0	29	48	0	1
0	0	400	0	480	12	69	0	36	0	0	1
0	0	1100	0	694	12	94	0	37	60	0	1
1	0	552	0	700	12	96	0	33	24	0	1
1	0	600	0	454	6	77	0	28	48	0	1
0	0	1500	1	495	12	67	1	31	0	0	0
0	0	300	1	332	10	51	0	54	6	0	0
0	0	1200	1	745	12	100	0	24	6	0	1
0	0	1583	1	1007	9	163	0	54	6	0	0
0	0	1356	0	319	5	54	0	65	0	54	1
1	0	396	1	420	12	57	0	24	6	0	1
0	0	730	1	460	10	70	0	36	6	0	0
1	0	409	0	398	10	62	1	35	180	0	1
0	0	750	0	704	7	137	0	22	0	0	1
0	0	1690	0	1974	6	285	0	52	48	600	1
0	2	350	1	483	12	65	0	36	6	0	1
0	0	1500	0	500	4	101	0	26	0	101	1
0	0	400	0	391	10	60	0	55	6	0	0
0	0	1604	0	887	4	179	0	63	48	179	0
0	0	780	1	489	10	74	0	37	6	0	0
1	0	600	0	698	11	97	0	66	48	0	0
2	0	429	0	350	6	77	0	38	48	0	1
0	0	1063	0	755	5	186	0	49	240	0	1
0	0	400	1	445	12	61	0	41	84	0	0
0	0	3399	1	468	3	175	0	40	6	0	0
0	0	500	0	429	5	105	0	24	120	0	1
0	0	635	0	630	12	86	0	35	0	0	1
0	1	474	1	355	10	54	0	53	6	0	0
1	0	300	1	309	5	75	0	33	6	0	0
0	0	1500	1	940	10	135	0	56	6	0	0
0	0	500	0	316	5	77	0	37	12	0	1
0	0	1500	0	400	2	141	1	30	42	141	1
1	0	368	0	330	10	51	0	41	0	0	1
0	0	400	0	478	10	74	0	45	0	0	1
0	2	400	1	400	10	61	0	52	6	0	0
0	0	624	0	480	10	67	0	25	6	0	1
0	0	650	0	549	12	69	0	28	144	50	1
0	0	950	0	737	15	95	1	47	120	0	1
1	0	1000	0	471	3	176	1	45	240	0	1
0	0	800	1	469	12	63	0	45	6	0	0
0	0	1800	0	1190	12	162	1	48	120	0	1
0	0	519	0	576	12	78	1	33	0	0	1
1	0	600	0	618	10	89	0	21	6	0	1
0	2	1200	1	686	9	111	0	38	6	0	0
1	0	778	0	552	4	119	0	58	48	119	0
0	0	481	1	547	10	68	0	58	6	100	0
0	0	1428	0	389	6	82	0	67	48	0	0
1	0	436	0	512	10	79	1	24	0	0	1
3	0	602	0	790	12	107	0	57	240	0	1
1	0	390	0	561	11	78	0	44	48	0	1
0	0	350	0	548	10	83	0	42	48	0	1
0	0	319	0	420	10	65	0	30	0	0	1
1	0	1500	0	400	3	149	0	28	48	0	1
0	0	650	0	652	12	89	0	29	120	0	1
1	0	602	0	485	3	180	0	24	48	0	1
1	0	402	0	370	12	50	1	27	18	0	1
1	0	1174	0	916	12	124	0	19	12	0	1
1	0	1480	0	679	10	103	0	23	96	0	1
0	0	800	0	466	12	59	0	35	240	30	1
1	0	1200	0	962	12	131	0	61	0	0	0
0	0	500	0	451	12	61	0	58	0	0	0
0	0	315	0	449	6	77	0	58	48	77	0
0	0	350	1	452	10	66	0	42	6	0	0
1	0	512	0	552	4	119	0	60	48	119	0
0	0	1479	0	599	7	98	0	55	0	98	0
0	4	350	1	573	12	77	0	45	6	0	0
1	0	870	0	355	6	79	0	27	144	0	1
0	0	840	0	954	6	215	0	41	0	0	1
0	0	2500	0	497	12	60	0	33	0	60	1
0	0	1000	0	457	10	70	1	25	12	0	1
0	0	530	0	693	10	105	0	38	0	0	1
0	0	1300	1	421	10	64	0	34	6	0	0
1	0	950	1	1290	18	143	0	47	6	0	0
0	0	2500	0	350	3	96	1	36	120	96	1
3	0	330	1	445	10	68	1	51	0	0	0
0	0	992	1	399	12	54	0	49	6	0	0
0	0	2400	0	599	7	98	0	61	0	98	0
0	0	400	1	329	9	54	0	26	6	0	0
1	0	700	1	403	3	150	0	30	6	0	0
1	0	876	0	1144	6	125	0	66	48	400	0
1	0	568	1	849	10	117	0	22	6	0	1
3	0	959	0	660	6	145	0	62	48	0	0
0	0	1600	0	716	10	109	1	46	36	0	1
1	0	469	1	404	12	56	1	38	0	0	0
1	0	1312	1	906	10	137	0	57	6	0	0
1	0	2628	1	1059	10	145	0	27	6	0	0
0	1	1600	1	618	10	89	0	37	6	0	0
0	0	530	0	729	12	99	0	23	24	0	1
0	0	700	1	430	9	70	0	30	6	0	0
0	0	579	0	378	4	109	0	34	6	0	1
0	0	360	0	460	10	70	0	29	0	0	1
0	0	3596	1	1045	6	221	0	40	6	0	0
0	0	1000	1	840	4	159	1	49	216	300	0
0	0	492	0	833	11	96	0	36	48	96	1
1	0	819	1	1085	24	104	0	40	6	0	0
0	0	600	0	399	12	54	0	35	228	0	1
0	0	800	0	638	12	79	0	33	48	0	1
3	0	1065	0	722	12	89	0	65	48	0	0
1	0	1300	0	395	10	60	0	66	72	0	0
0	2	500	1	673	10	97	0	43	6	0	0
0	0	908	0	349	5	59	0	62	0	59	0
1	0	500	0	552	4	119	0	66	48	119	0
0	0	3703	0	680	3	264	0	59	48	0	0
0	0	1800	0	901	12	122	0	35	0	0	1
1	0	1000	1	411	5	101	0	42	6	0	0
0	0	302	1	484	6	53	1	26	0	250	0
1	0	380	1	560	10	85	0	33	6	0	0
0	0	725	0	330	5	81	0	61	48	0	0
0	0	560	1	397	12	54	0	28	6	0	0
0	0	489	1	495	9	60	0	28	6	60	0
1	0	550	1	399	10	55	0	30	6	0	0
1	0	1000	1	747	10	103	0	53	6	0	0
1	0	3161	1	329	5	57	0	55	6	100	0
0	0	600	1	348	10	51	0	51	6	0	0
0	0	2000	0	649	12	82	0	67	48	0	0
0	0	890	0	324	6	72	0	27	32	0	1
1	1	800	1	735	6	155	0	41	6	0	0
0	2	389	0	362	10	55	0	38	36	0	1
1	0	3000	0	705	2	235	0	62	48	240	0
0	0	1039	0	441	2	240	0	57	0	0	0
0	0	1300	0	421	12	57	0	39	0	0	1
0	0	484	1	618	10	89	0	36	6	0	0
0	0	350	1	505	10	70	0	44	6	0	1
0	0	488	1	403	9	66	0	44	6	0	0
3	0	350	1	476	12	58	0	43	0	50	0
0	0	993	0	510	12	69	1	37	60	0	1
1	0	352	0	541	12	74	0	39	72	0	1
1	0	610	0	725	10	110	0	34	0	0	1
0	1	350	1	480	10	67	0	33	6	0	1
1	0	800	1	349	10	51	0	50	6	0	0
1	0	381	0	459	12	57	0	50	48	0	1
0	0	2251	0	1363	2	456	0	62	0	456	0
0	0	800	1	322	6	71	0	37	6	0	0
1	0	485	0	441	5	92	1	21	6	70	1
0	2	411	1	468	10	65	0	30	6	0	0
1	0	800	1	849	12	101	0	37	6	100	1
0	1	1336	1	744	10	113	0	39	6	0	1
0	0	938	0	552	4	119	0	64	48	119	0
0	0	530	0	888	9	98	0	63	0	285	0
0	0	370	0	306	6	68	0	25	16	0	1
1	0	2761	1	567	10	78	0	63	6	0	0
0	1	800	0	567	10	78	0	28	6	0	1
0	0	946	0	529	6	111	0	50	48	0	1
0	0	710	0	308	2	105	0	61	0	105	0
0	0	800	0	514	6	110	0	34	6	0	1
1	0	600	0	569	12	70	0	43	48	0	1
0	2	600	1	420	10	58	0	22	6	0	1
1	0	500	1	480	10	57	0	43	6	70	0
1	0	300	0	398	10	61	1	21	72	0	1
0	0	900	1	312	4	92	0	36	6	0	0
0	0	816	0	529	6	111	0	47	48	0	1
1	0	1001	0	699	3	193	0	62	48	193	0
1	0	650	1	369	3	139	0	27	6	0	0
1	1	2000	1	1059	10	145	0	41	6	0	0
0	0	965	0	499	6	102	0	64	48	0	0
0	0	3155	0	1129	3	423	0	61	48	0	1
0	0	2000	1	1040	12	140	0	33	6	0	1
0	0	400	1	359	10	55	0	32	6	0	0
1	0	540	0	562	15	70	0	44	240	0	1
1	0	800	0	418	9	68	1	31	60	0	1
1	0	945	0	552	4	119	0	67	48	119	0
1	0	800	0	529	6	67	0	29	48	200	1
1	0	1201	0	710	2	239	0	63	0	239	0
1	0	1545	1	516	10	78	0	42	6	0	0
0	0	990	0	531	6	118	0	30	0	0	1
0	0	360	1	425	12	58	0	35	120	0	0
1	0	1009	1	332	4	98	0	40	6	0	0
1	0	319	0	559	6	77	0	60	48	100	0
0	0	450	1	399	10	55	0	37	6	0	0
0	0	2025	1	639	10	88	0	33	6	0	0
1	0	1300	0	694	12	94	0	29	8	0	1
0	0	500	1	330	10	50	0	40	6	0	0
0	0	700	0	415	12	57	0	63	0	0	0
1	0	540	0	730	5	122	0	47	48	125	1
1	0	1500	1	468	10	68	0	45	6	0	0
1	0	420	0	555	12	76	0	26	120	0	1
1	0	350	0	417	6	70	0	63	48	0	0
0	0	1200	0	305	6	57	0	42	0	56	1
0	2	400	0	464	8	82	0	44	9	0	1
1	0	341	1	400	5	97	0	33	6	0	0
1	0	840	0	521	10	79	0	35	36	0	1
0	0	4000	0	368	3	101	0	39	48	101	1
0	0	1000	1	567	10	78	0	35	6	0	0
0	0	1200	1	355	10	54	0	41	6	0	1
0	0	3000	1	1122	9	181	0	33	6	0	0
1	0	2017	1	639	10	88	0	40	6	0	0
0	1	400	1	450	10	69	0	31	6	0	1
2	0	380	0	598	12	81	1	46	240	0	1
1	0	380	0	549	12	75	1	39	0	0	1
1	0	479	1	329	4	97	0	65	6	0	0
0	0	404	0	631	6	106	0	35	0	0	1
1	0	345	0	441	12	61	1	26	0	0	1
0	1	550	0	369	9	60	0	30	6	0	1
0	0	1004	0	1839	12	226	0	63	48	0	0
0	0	370	1	399	12	54	0	46	6	0	0
0	2	300	1	399	6	85	0	45	6	0	0
1	0	700	1	441	12	60	0	37	6	0	1
0	0	520	0	473	6	80	0	54	0	0	0
0	0	1000	1	463	6	99	0	33	6	0	1
1	0	1200	1	480	12	65	0	26	6	0	1
0	4	314	1	365	6	78	0	34	6	0	0
1	0	600	0	595	12	70	1	67	72	100	0
0	0	1012	0	432	5	72	0	56	0	72	0
0	1	305	1	349	10	53	0	38	6	0	0
0	0	320	0	392	12	53	0	63	0	0	1
1	0	1761	0	449	2	243	0	23	48	0	1
3	0	1048	0	552	4	119	0	60	48	119	0
0	0	900	1	375	6	80	0	36	6	0	0
1	0	340	0	340	10	52	0	22	12	0	1
1	0	502	0	1367	12	115	0	54	48	0	1
0	0	3604	1	651	24	63	0	31	6	0	0
1	0	400	0	433	6	97	1	19	0	0	1
0	0	1500	0	536	6	113	0	67	48	0	0
0	0	573	0	471	6	86	0	62	0	100	0
1	0	549	0	449	6	93	0	23	48	0	1
0	0	400	1	480	6	102	0	50	6	0	0
1	0	650	1	860	10	130	0	29	6	0	1
0	0	650	0	537	4	160	1	27	36	0	1
0	0	543	0	502	12	68	0	33	48	0	1
1	0	478	0	404	4	121	1	47	180	0	1
0	0	541	1	408	5	100	0	31	6	0	0
0	0	1100	1	412	6	67	0	41	6	100	0
1	0	500	0	437	12	60	0	60	48	0	1
1	0	2057	0	301	1	318	0	35	48	0	1
0	0	570	0	511	12	71	1	28	144	0	1
0	0	360	0	384	12	52	0	33	36	0	1
0	4	501	1	849	10	117	0	37	6	0	0
